3 0.8236274719238281 0.24346755345662438 0.022949981689453124 0.10187307993570965
2 0.8386070251464843 0.17742743492126464 0.02078094482421875 0.07866442998250325
2 0.6387468030690537 0.46163682864450123 0.05370843989769824 0.289002557544757
4 0.27621483375959077 0.6956521739130435 0.06521739130434781 0.1687979539641944
2 0.4181585677749361 0.40537084398976986 0.038363171355498694 0.0741687979539642
2 0.3001918158567775 0.3951406649616368 0.036445012787723774 0.0741687979539642
2 0.5236572890025575 0.2289002557544757 0.023017902813299143 0.04347826086956516
2 0.647378516624041 0.2826086956521739 0.032608695652173905 0.09974424552429667
3 0.4104859335038363 0.2774936061381074 0.03452685421994886 0.0843989769820972
3 0.43734015345268545 0.2915601023017903 0.023017902813299216 0.056265984654731475
