4 0.41820573806762695 0.20757864316304528 0.013483619689941407 0.08181613286336263
4 0.4060343265533447 0.20599168141682944 0.01596412658691406 0.07867368062337239
3 0.6425831202046035 0.36828644501278773 0.05754475703324807 0.18925831202046034
3 0.7183503836317136 0.4028132992327366 0.021099744245524334 0.18158567774936063
4 0.7768542199488491 0.32608695652173914 0.023017902813299285 0.1406649616368286
4 0.8420716112531969 0.3759590792838875 0.01918158567774924 0.10230179028132995
4 0.7461636828644501 0.28005115089514065 0.026854219948849192 0.08439897698209715
2 0.49872122762148335 0.27365728900255754 0.023017902813299216 0.08184143222506393
0 0.47858056265984644 0.2915601023017903 0.024936061381074168 0.06649616368286444
3 0.17960939316438054 0.20654111328692637 0.013950244129272277 0.04650081376424087
3 0.17176238084166492 0.1902658284694421 0.015694024645431313 0.04650081376424083
