2 0.6627545833587647 0.20336510340372718 0.030298614501953126 0.10435860951741537
2 0.8523753166198731 0.21208947499593098 0.02075347900390625 0.09729811350504557
2 0.30953688621520997 0.5349973678588866 0.04996070861816406 0.20506299336751302
4 0.8412017822265625 0.0569982131322225 0.02151908874511719 0.07543331782023112
2 0.8755924170616113 0.2132701421800948 0.01658767772511851 0.11058451816745657
0 0.8945497630331753 0.22985781990521328 0.01658767772511851 0.06477093206951032
0 0.8270142180094786 0.21011058451816744 0.021327014218009453 0.08214849921011058
3 0.8702606635071091 0.12796208530805686 0.024881516587677767 0.06951026856240125
4 0.518957345971564 0.21958925750394948 0.023696682464454995 0.17061611374407584
4 0.5450236966824644 0.20695102685624012 0.023696682464454995 0.16429699842022116
2 0.6475118483412321 0.14612954186413898 0.020142180094786667 0.1342812006319115
2 0.4816350710900474 0.9699842022116902 0.04383886255924175 0.06003159557661931
3 0.917654028436019 0.13191153238546602 0.017772511848341138 0.07424960505529224
