2 0.6852496147155762 0.5607501983642578 0.08172683715820313 0.3168170928955078
2 0.6033184528350831 0.5476339817047119 0.06336822509765624 0.3111575126647949
3 0.8735392570495606 0.7884031931559246 0.15640506744384766 0.4209075927734375
2 0.9585308056872041 0.8080568720379147 0.07345971563981066 0.3680884676145337
3 0.28258293838862564 0.3309636650868878 0.015402843601895776 0.03633491311216428
2 0.0835308056872038 0.6571879936808847 0.03909952606635072 0.08530805687203788
2 0.24822274881516587 0.5703001579778831 0.020142180094786754 0.05371248025276458
2 0.20023696682464454 0.4502369668246446 0.021327014218009487 0.05687203791469195
2 0.31220379146919436 0.27883096366508686 0.024881516587677767 0.052132701421801
2 0.3530805687203791 0.2527646129541864 0.03554502369668249 0.06635071090047394
