2 0.8451950073242187 0.21490271886189777 0.024031448364257812 0.09705963134765624
0 0.7728036260970719 0.2666588701352236 0.020921707153320312 0.08977115948994956
2 0.24952564239501954 0.7274784247080486 0.10163459777832032 0.3941535631815592
3 0.3645509719848633 0.40153630574544275 0.02192082405090332 0.08750476837158203
2 0.48265390396118163 0.2923861106236776 0.022847938537597656 0.11409595807393393
3 0.3508904933929443 0.3994764328002929 0.01831083297729492 0.09367001851399741
2 0.5214502811431884 0.35834954604061875 0.021112537384033202 0.09065990447998049
2 0.6675191815856778 0.26598465473145777 0.026854219948849192 0.08695652173913043
0 0.780690537084399 0.19820971867007672 0.02685421994884905 0.0792838874680307
2 0.18414322250639387 0.4705882352941177 0.03069053708439899 0.11253196930946281
2 0.11604859335038363 0.5549872122762146 0.04795396419437341 0.112531969309463
2 0.20524296675191817 0.47186700767263423 0.015345268542199548 0.09462915601023013
