3 0.2979378700256348 0.47616052627563477 0.0400733470916748 0.2010159174601237
2 0.1589809224428728 0.6815498987833659 0.06871380805969238 0.2647282918294271
2 0.0723203182220459 0.7621533711751303 0.06856281757354736 0.2903907775878906
2 0.25102714065395654 0.6649073217835877 0.056028556823730466 0.22256011962890626
3 0.012558993324637413 0.36288909912109374 0.023464346677064894 0.10476595560709635
3 0.06795041561126709 0.3552510579427083 0.024743151664733887 0.12047004699707031
4 0.2150240410471816 0.6407800354107972 0.03493300676345825 0.15702133178710936
4 0.4028132992327365 0.20460358056265981 0.04603580562659843 0.07672634271099742
4 0.7797314578005115 0.3248081841432225 0.028772378516624002 0.15345268542199492
4 0.8420716112531972 0.3682864450127876 0.026854219948848762 0.09718670076726342
0 0.27046035805626595 0.618925831202046 0.03452685421994886 0.06649616368286453
