3 0.8522466659545899 0.5209344228108724 0.04149055480957031 0.20398279825846355
2 0.49303407669067384 0.9516812006632488 0.06625404357910156 0.0956822713216146
0 0.42594146728515625 0.9761112848917644 0.03476276397705078 0.046772130330403644
2 0.8397305488586426 0.22810589472452797 0.022980499267578124 0.098286501566569
3 0.16274541832906814 0.6808329134239464 0.0603240966796875 0.2739830017089844
0 0.6586910724639893 0.9778155008951822 0.030036449432373047 0.043444061279296876
4 0.8799132347106934 0.270508861541748 0.023973846435546876 0.12637062072753907
3 0.6003836317135548 0.9130434782608695 0.06905370843989765 0.17391304347826092
2 0.23689258312020464 0.6560102301790282 0.05562659846547316 0.1764705882352942
2 0.225383631713555 0.7710997442455243 0.06713554987212277 0.2531969309462916
4 0.5428388746803069 0.21611253196930946 0.049872122762148335 0.1918158567774936
