2 0.5678219795227051 0.5475643157958985 0.06486434936523437 0.3078014373779297
3 0.7790847778320312 0.5226404825846354 0.053114128112792966 0.2794979095458984
3 0.8695582389831543 0.7927942276000977 0.14087390899658203 0.4133747100830078
2 0.6728279113769531 0.5769346872965495 0.06962108612060547 0.3265061696370443
3 0.7436572551727295 0.4583344141642252 0.045415401458740234 0.18360226949055988
3 0.5385071090047393 0.09083728278041076 0.01540284360189574 0.045813586097946286
2 0.023696682464454978 0.7748815165876778 0.028436018957345974 0.08056872037914686
2 0.08175355450236968 0.655608214849921 0.03080568720379148 0.075829383886256
2 0.15639810426540285 0.7432859399684044 0.028436018957345974 0.07109004739336484
2 0.23578199052132703 0.5829383886255924 0.030805687203791444 0.07266982622432856
3 0.2843601895734597 0.48420221169036337 0.023696682464454995 0.07109004739336491
2 0.3684834123222749 0.2693522906793049 0.007109004739336484 0.03317535545023698
0 0.3104265402843602 0.4636650868878357 0.014218009478672968 0.036334913112164316
3 0.0035545023696682467 0.7764612954186414 0.007109004739336493 0.10584518167456565
2 0.35189573459715645 0.37203791469194314 0.021327014218009522 0.042654028436018905
