2 0.10959383249282836 0.3289204200108846 0.02901592254638672 0.13415414492289227
2 0.7638084540434924 0.4182432174682616 0.03319241808489075 0.14336204528808588
2 0.7959556579589844 0.4301189422607421 0.034461593627929686 0.14438451131184896
2 0.6718450546264648 0.19876855214436848 0.014421176910400391 0.05146290461222331
0 0.82742919921875 0.43624998728434244 0.021081924438476562 0.08910446166992188
2 0.42239336492891 0.5987361769352291 0.09597156398104267 0.29067930489731447
4 0.24822274881516584 0.5023696682464455 0.0627962085308057 0.3191153238546603
3 0.5805687203791469 0.24565560821484994 0.037914691943128034 0.13112164296998421
3 0.7399289099526066 0.3341232227488152 0.031990521327014104 0.12164296998420215
3 0.8838862559241706 0.3696682464454976 0.014218009478672968 0.10426540284360193
2 0.8643364928909952 0.34913112164297 0.024881516587677625 0.11690363349131122
