2 0.8205652236938477 0.4899021784464518 0.04021530151367188 0.1666993459065755
2 0.8567337989807129 0.5194483439127604 0.03992252349853516 0.17981452941894532
2 0.7880976391570342 0.4851343154907226 0.04055919647216797 0.16365839640299482
2 0.6289968490600585 0.43835573196411126 0.043355560302734374 0.16366761525472004
2 0.825340461730957 0.3523979822794597 0.027138710021972656 0.09909172058105468
2 0.7685233735672348 0.4053324629481999 0.04433155059814453 0.15282001495361328
2 0.5969103813171386 0.31461003621419276 0.03095664978027344 0.12991371154785156
4 0.24744245524296674 0.5025575447570333 0.04603580562659847 0.3350383631713555
3 0.15153452685421992 0.3248081841432225 0.026854219948849102 0.1636828644501279
0 0.8660485933503835 0.3375959079283888 0.01726342710997443 0.07672634271099746
