2 0.6690347194671631 0.7605716069539389 0.08578929901123047 0.28735020955403645
2 0.6142703533172608 0.7341700236002605 0.0741429328918457 0.28490015665690105
2 0.7233100891113281 0.8144340515136719 0.08665313720703124 0.29712066650390623
2 0.5223326683044434 0.6600679874420166 0.07982425689697266 0.28947579065958656
2 0.3976864814758301 0.5695457299550375 0.05235137939453125 0.23189293543497722
0 0.4827670811476865 0.6054119843065644 0.0496027946472168 0.20475365320841474
4 0.24603867530822754 0.49841283162434896 0.04075460433959961 0.30784912109375
3 0.03732227488151659 0.4296998420221169 0.058056872037914695 0.19905213270142177
2 0.6267772511848341 0.25513428120063186 0.03080568720379148 0.1090047393364929
2 0.8406398104265403 0.3270142180094787 0.01540284360189574 0.1011058451816745
2 0.8619668246445498 0.334913112164297 0.015402843601895881 0.09794628751974727
2 0.46149289099526064 0.5497630331753555 0.027251184834123164 0.21169036334913116
