2 0.641181468963623 0.2632954756418864 0.028920555114746095 0.12864433924357097
2 0.8224252439825738 0.3251232226689655 0.021953634959657804 0.139007552464803
3 0.6263648509979248 0.24633355140686036 0.024837589263916014 0.12608702977498373
2 0.6570046424865723 0.30275541146596274 0.023124504089355468 0.10103316307067871
3 0.8432045887803179 0.32534285868118684 0.029757118225097655 0.1486968994140625
2 0.48706870079040526 0.8653771082560222 0.07275924682617188 0.2653624216715495
0 0.870843989769821 0.3439897698209718 0.015345268542199477 0.08439897698209715
0 0.7960358056265983 0.32097186700767266 0.026854219948849192 0.10485933503836314
1 0.7672634271099744 0.21483375959079282 0.026854219948849192 0.0971867007672634
3 0.9159207161125319 0.1956521739130435 0.01726342710997443 0.12020460358056266
2 0.9092071611253196 0.10485933503836317 0.030690537084398953 0.07161125319693096
4 0.5313299232736572 0.210997442455243 0.049872122762148405 0.17135549872122766
