2 0.7181735515594483 0.5673765659332275 0.05664377212524414 0.21021757125854493
3 0.7661228656768799 0.5547060489654541 0.046280193328857425 0.22770999272664386
0 0.672993278503418 0.5772326787312825 0.042168617248535156 0.15965665181477864
3 0.4175429344177246 0.44042008717854814 0.03643331527709961 0.19853299458821613
2 0.39973399639129636 0.5167849858601888 0.04717888832092285 0.19732805887858074
0 0.7922153472900391 0.6042067845662435 0.03348236083984375 0.14593950907389322
3 0.8940883636474609 0.31887572606404624 0.02611961364746094 0.13141034444173177
2 0.7706732749938965 0.3261656125386556 0.03345813751220703 0.1310233434041341
3 0.8718446731567383 0.2012883186340332 0.023900794982910156 0.10163567860921224
2 0.44143247604370117 0.5511882940928142 0.030959892272949218 0.1601760546366374
