2 0.7314516544342041 0.5910953521728515 0.05406007766723633 0.22800458272298177
2 0.8054224014282226 0.6275417327880859 0.06414833068847656 0.24032745361328126
2 0.7679052352905273 0.5919048468271891 0.05486431121826172 0.22652864456176758
2 0.5308282852172852 0.5007560729980469 0.046083259582519534 0.2102616628011068
2 0.6714322566986084 0.5051224390665691 0.05243520736694336 0.2121935526529948
0 0.6490936451048648 0.4856069533180851 0.036523628234863284 0.1684633255004883
2 0.8429471015930176 0.341296132405599 0.025276947021484374 0.09410692850748698
4 0.2460174083709717 0.5045282046000162 0.04150514602661133 0.3019450505574544
2 0.8243935585021973 0.33786379496256513 0.021404266357421875 0.091290283203125
3 0.03672985781990521 0.3728278041074249 0.045023696682464455 0.1611374407582938
2 0.6131516587677726 0.2748815165876777 0.03199052132701425 0.11690363349131115
2 0.6267772511848341 0.4565560821484992 0.04028436018957336 0.18957345971563974
