2 0.529580020904541 0.44858805338541674 0.05230693817138672 0.20124766031901042
2 0.8891067504882812 0.4081040064493815 0.022453498840332032 0.11175155639648438
2 0.8625086784362793 0.39021692276000974 0.03858489990234375 0.1305508295694987
2 0.8030348777770996 0.3931755065917969 0.0274688720703125 0.12556355794270832
0 0.8404956817626953 0.3652533213297526 0.020689010620117188 0.10458335876464844
3 0.7126425743103028 0.3527051289876302 0.029037284851074218 0.11494878133138021
2 0.11294987201690673 0.28856486479441323 0.02034158706665039 0.10391567548116049
2 0.7743038177490235 0.3837157885233561 0.02944469451904297 0.11812458038330079
0 0.8212308883666992 0.4156371434529622 0.021330642700195312 0.093736203511556
4 0.24817636013031005 0.4963040351867676 0.04161839485168457 0.323286247253418
3 0.20721476510067113 0.45078299776286357 0.05872483221476507 0.23937360178970912
