2 0.6460655212402344 0.5914466857910157 0.07665500640869141 0.3233095804850261
2 0.5505732536315918 0.5276952107747396 0.057386016845703124 0.2960548400878906
2 0.48431081771850587 0.5835148493448893 0.06969890594482422 0.3170009613037109
3 0.8878610610961915 0.7899995168050131 0.17889900207519532 0.41772588094075513
0 0.4495894432067871 0.5790980021158854 0.040353584289550784 0.22887598673502604
2 0.09111253196930946 0.8823529411764707 0.05562659846547314 0.12276214833759597
2 0.04891304347826086 0.7442455242966752 0.028772378516624033 0.092071611253197
3 0.019181585677749358 0.7442455242966752 0.02301790281329923 0.092071611253197
3 0.2647058823529412 0.5434782608695652 0.019181585677749347 0.07416879795396411
3 0.3030690537084399 0.43861892583120204 0.03452685421994879 0.06393861892583118
2 0.08439897698209718 0.6930946291560102 0.0421994884910486 0.10230179028133009
2 0.23305626598465473 0.6035805626598466 0.024936061381074133 0.05626598465473144
