2 0.4702641487121582 0.3801263809204102 0.03805408477783203 0.14790356953938802
3 0.5903910636901856 0.2559392293294271 0.033564186096191405 0.1352547327677409
2 0.8235651016235351 0.2255430857340495 0.02303142547607422 0.10073426564534506
2 0.9158767772511848 0.08214849921011058 0.02132701421800931 0.053712480252764615
2 0.8601895734597156 0.06556082148499211 0.009478672985782026 0.05529225908372828
2 0.8382701421800948 0.05924170616113744 0.005924170616113713 0.03949447077409163
2 0.8281990521327015 0.05529225908372828 0.009478672985781884 0.044233807266982623
4 0.5171800947867298 0.2164296998420221 0.024881516587677694 0.16429699842022116
4 0.5420616113744076 0.2156398104265403 0.01777251184834128 0.17219589257503956
4 0.65521327014218 0.15086887835703003 0.023696682464454995 0.13112164296998421
