2 0.5023162364959717 0.19004230499267577 0.023676204681396484 0.10994046529134115
3 0.38329383886255924 0.4162717219589257 0.0936018957345972 0.2385466034755134
2 0.509478672985782 0.10505529225908372 0.018957345971563982 0.06477093206951028
2 0.06812796208530805 0.6777251184834122 0.031990521327014215 0.07582938388625593
2 0.029028436018957347 0.693522906793049 0.031990521327014215 0.08530805687203795
2 0.2174170616113744 0.428909952606635 0.022511848341232224 0.0552922590837283
2 0.2061611374407583 0.4684044233807267 0.028436018957345974 0.05529225908372823
2 0.18127962085308055 0.4786729857819905 0.03554502369668246 0.06319115323854668
2 0.24644549763033174 0.4557661927330174 0.009478672985781991 0.05529225908372823
2 0.2665876777251185 0.4423380726698262 0.016587677725118474 0.04739336492890999
2 0.2553317535545024 0.44628751974723535 0.01540284360189574 0.06161137440758296
2 0.2890995260663507 0.3183254344391785 0.018957345971563982 0.058451816745655624
3 0.10722748815165878 0.560821484992101 0.017772511848341246 0.047393364928909915
2 0.2268957345971564 0.6003159557661927 0.027251184834123202 0.06635071090047383
