2 0.6983315565397062 0.3414746236313334 0.051270675659179685 0.20009980201721195
0 0.802708649635315 0.2889806826909383 0.02699313163757324 0.13387500445048015
4 0.842559814453125 0.1644691785176595 0.018256378173828126 0.07206827799479167
2 0.8746803069053709 0.7749360613810743 0.09974424552429653 0.45012787723785164
4 0.27429667519181583 0.6930946291560102 0.049872122762148335 0.23017902813299243
3 0.375 0.33248081841432225 0.028772378516624002 0.11253196930946288
3 0.41048593350383633 0.3171355498721228 0.015345268542199477 0.07672634271099746
2 0.3414322250639386 0.38874680306905374 0.03452685421994886 0.1585677749360614
2 0.6492966751918158 0.2915601023017903 0.05179028132992322 0.0920716112531969
3 0.0920716112531969 0.5473145780051147 0.038363171355498736 0.1534526854219948
3 0.47666240409207156 0.2595907928388747 0.021099744245524334 0.0946291560102302
2 0.49392583120204603 0.26982097186700765 0.021099744245524264 0.08439897698209718
0 0.1313938618925831 0.567774936061381 0.028772378516624036 0.08184143222506397
