2 0.4709962844848633 0.21624892552693686 0.0271026611328125 0.1296023686726888
3 0.37874469757080076 0.4106729189554851 0.06363744735717773 0.24831892649332685
2 0.7960358056265986 0.6317135549872118 0.10741687979539663 0.4040920716112529
2 0.08727621483375947 0.6023017902813299 0.02109974424552431 0.06905370843989758
2 0.03836317135549872 0.6432225063938618 0.026854219948849112 0.08439897698209718
2 0.06809462915601022 0.659846547314578 0.024936061381074168 0.06649616368286453
2 0.2819693094629156 0.35294117647058826 0.019181585677749347 0.07161125319693092
2 0.24456521739130432 0.4156010230179028 0.03644501278772381 0.05882352941176478
2 0.2062020460358056 0.41560102301790347 0.036445012787723746 0.053708439897697184
2 0.22058823529411764 0.4961636828644501 0.038363171355498694 0.06649616368286453
