3 0.7694684028625488 0.7324600219726562 0.06409645080566406 0.28675397237141925
2 0.45587863922119143 0.3957484245300293 0.043562889099121094 0.17008113861083984
2 0.5888288497924805 0.7936215082804361 0.07518043518066406 0.25838343302408856
2 0.6327583312988281 0.2559437115987142 0.027287673950195313 0.12146860758463542
2 0.870260663507109 0.45813586097946285 0.04146919431279614 0.1864139020537124
2 0.8678909952606635 0.18957345971563982 0.02014218009478668 0.08530805687203795
2 0.8696682464454978 0.13902053712480253 0.01895734597156391 0.047393364928909935
3 0.8898104265402844 0.11532385466034757 0.011848341232227569 0.06951026856240128
3 0.9146919431279622 0.11769352290679304 0.01895734597156391 0.0679304897314376
2 0.8909952606635071 0.1943127962085308 0.014218009478672968 0.0884676145339652
0 0.8518957345971565 0.19589257503949448 0.01658767772511851 0.06951026856240126
2 0.9004739336492892 0.21248025276461294 0.011848341232227569 0.061611374407582964
4 0.533175355450237 0.21484992101105846 0.05687203791469187 0.1737756714060032
