0 0.7733400344848633 0.3762190500895182 0.03377046585083008 0.15335184733072918
2 0.8505012512207031 0.2399811108907064 0.03190422058105469 0.11227010091145834
2 0.10722748815165872 0.5189573459715635 0.02962085308056888 0.11216429699841957
3 0.14277251184834122 0.5284360189573459 0.036729857819905225 0.11216429699842018
3 0.4099526066350711 0.3578199052132702 0.023696682464454995 0.08688783570300153
2 0.39395734597156395 0.36097946287519744 0.022511848341232224 0.07740916271721958
3 0.4828199052132702 0.27330173775671407 0.01777251184834121 0.0695102685624013
2 0.6611374407582938 0.25513428120063186 0.014218009478672968 0.06477093206951029
2 0.6777251184834122 0.2590837282780411 0.01421800947867311 0.06635071090047394
2 0.6960900473933649 0.2259083728278041 0.013033175355450198 0.044233807266982623
2 0.5627962085308057 0.20379146919431282 0.01658767772511851 0.0631911532385466
3 0.5106635071090048 0.2480252764612954 0.018957345971563982 0.06635071090047394
3 0.8353080568720378 0.13033175355450236 0.021327014218009453 0.05845181674565561
