2 0.6355090141296387 0.7502000172932943 0.0517913818359375 0.262140146891276
0 0.5655717849731445 0.7736147562662761 0.045271682739257815 0.20575815836588543
3 0.7052538871765137 0.7170140584309895 0.05551624298095703 0.2881207784016927
2 0.26065413933580794 0.6748335585468159 0.048918533325195315 0.23852589925130208
3 0.8858922958374024 0.4016499201456705 0.031534576416015626 0.1602469762166341
0 0.7401860237121582 0.7909676869710287 0.03912143707275391 0.20642560323079426
2 0.8338626861572266 0.27786152362823485 0.02855987548828125 0.11588975588480631
2 0.3060839176177978 0.635062656256244 0.03798751831054688 0.1687115987141927
3 0.29531383983924264 0.464798359167647 0.05158710479736328 0.28740018208821616
3 0.8798480987548828 0.23796577453613282 0.025152969360351562 0.11886361440022787
4 0.5380434782608695 0.20843989769820973 0.03644501278772381 0.15089514066496162
1 0.7710997442455243 0.21867007672634273 0.011508951406649572 0.07416879795396422
