3 0.016617470979690553 0.3046690305074056 0.016533216834068297 0.07484753926595052
0 0.04442717730998993 0.2926786502202352 0.014240795373916626 0.061634429295857746
2 0.10183708965778351 0.3257099151611328 0.026993125677108765 0.09774843851725262
4 0.4184737682342529 0.20724115371704102 0.01448507308959961 0.08274008433024088
2 0.8293838862559242 0.4075829383886256 0.04502369668246445 0.1611374407582938
4 0.7748815165876778 0.32385466034755134 0.03317535545023688 0.14849921011058456
4 0.7422985781990522 0.3127962085308057 0.022511848341232224 0.14533965244865718
4 0.40343601895734593 0.20774091627172195 0.010663507109004726 0.0900473933649289
4 0.3880331753554502 0.2045813586097946 0.01777251184834121 0.09004739336492888
3 0.06457345971563981 0.3507109004739336 0.02488151658767773 0.11690363349131118
4 0.3270142180094787 0.18957345971563982 0.009478672985781955 0.07266982622432858
4 0.3578199052132702 0.19352290679304895 0.007109004739336413 0.07424960505529227
4 0.3382701421800948 0.188783570300158 0.008293838862559254 0.07109004739336493
4 0.34834123222748814 0.19036334913112163 0.009478672985782026 0.07424960505529227
